================================================================================
ANIMATION NPZ VISUALIZATION
================================================================================
File: D6- CartWheel_poses.npz
Path: data/test_small/D6- CartWheel_poses.npz
Keys: ['trans', 'gender', 'mocap_framerate', 'betas', 'dmpls', 'poses']

================================================================================
poses - Axis-Angle Rotations
================================================================================
Shape: (572, 156)
Dtype: float64
Size: 89,232 elements
Memory: 697.12 KB

Statistics:
  Min: -2.406164
  Max: 4.267428
  Mean: -0.016639
  Std:  0.424420

First 20 rows:
  [  0]:   1.177889  -1.189434  -1.245077   0.160424   0.002837  -0.034887   0.152431  -0.051483   0.005510   0.101744   0.033545   0.009087  -0.136593  -0.151199   0.051768  -0.142802   0.008957   0.028285   0.041103  -0.052086   0.009036  -0.172487   0.126918   0.046512  -0.053357  -0.051013   0.147789  -0.060804  -0.018312   0.033626   0.000000   0.000000   0.000000   0.000000   0.000000   0.000000   0.002895  -0.039655  -0.021755   0.082001   0.003429  -0.357224   0.057644   0.036890   0.341020  -0.103437  -0.040706   0.045166   0.106359  -0.164875  -1.051482   0.131389   0.173412   1.044283   0.131823  -0.401275   0.081644  -0.042117   0.439367  -0.116545  -0.322910  -0.166402  -0.180546  -0.324496   0.094672   0.163790   0.111679   0.042892  -0.416442   0.108811  -0.065986  -0.756220  -0.096393  -0.090916  -0.188459  -0.118095   0.050944  -0.529584  -0.143698   0.055242  -0.704857  -0.019183  -0.092337  -0.337914  -0.457033  -0.196284  -0.625458  -0.214652  -0.065998  -0.506894  -0.369724  -0.060345  -0.079490  -0.141870  -0.085853  -0.635528  -0.303342  -0.057881  -0.631389  -0.176121  -0.132093  -0.373355   0.850964   0.276923  -0.091548  -0.499839   0.026556   0.052881   0.535559   0.045961  -0.277358   0.111679  -0.042892   0.416442   0.108811   0.065986   0.756220  -0.096393   0.090916   0.188459  -0.118095  -0.050944   0.529584  -0.143698  -0.055242   0.704857  -0.019183   0.092337   0.337914  -0.457033   0.196284   0.625458  -0.214652   0.065998   0.506894  -0.369724   0.060345   0.079490  -0.141870   0.085853   0.635528  -0.303342   0.057881   0.631389  -0.176121   0.132093   0.373355   0.850964  -0.276923   0.091548  -0.499839  -0.026556  -0.052881   0.535559  -0.045961   0.277358
  [  1]:   1.177558  -1.189373  -1.245870   0.161323   0.002837  -0.034552   0.153264  -0.051280   0.005364   0.103494   0.033168   0.010192  -0.136517  -0.151821   0.051124  -0.142973   0.010012   0.028952   0.037925  -0.051810   0.008386  -0.174402   0.127016   0.047571  -0.052077  -0.050314   0.147067  -0.059135  -0.017965   0.033325   0.000000   0.000000   0.000000   0.000000   0.000000   0.000000   0.000858  -0.039042  -0.021558   0.081640   0.002672  -0.357007   0.057818   0.037811   0.341762  -0.101082  -0.040834   0.045062   0.108168  -0.163504  -1.051219   0.131631   0.172181   1.042997   0.131721  -0.401553   0.082080  -0.042279   0.440377  -0.115164  -0.325995  -0.167690  -0.178416  -0.326662   0.093996   0.161510   0.111679   0.042892  -0.416442   0.108811  -0.065986  -0.756220  -0.096393  -0.090916  -0.188459  -0.118095   0.050944  -0.529584  -0.143698   0.055242  -0.704857  -0.019183  -0.092337  -0.337914  -0.457033  -0.196284  -0.625458  -0.214652  -0.065998  -0.506894  -0.369724  -0.060345  -0.079490  -0.141870  -0.085853  -0.635528  -0.303342  -0.057881  -0.631389  -0.176121  -0.132093  -0.373355   0.850964   0.276923  -0.091548  -0.499839   0.026556   0.052881   0.535559   0.045961  -0.277358   0.111679  -0.042892   0.416442   0.108811   0.065986   0.756220  -0.096393   0.090916   0.188459  -0.118095  -0.050944   0.529584  -0.143698  -0.055242   0.704857  -0.019183   0.092337   0.337914  -0.457033   0.196284   0.625458  -0.214652   0.065998   0.506894  -0.369724   0.060345   0.079490  -0.141870   0.085853   0.635528  -0.303342   0.057881   0.631389  -0.176121   0.132093   0.373355   0.850964  -0.276923   0.091548  -0.499839  -0.026556  -0.052881   0.535559  -0.045961   0.277358
  [  2]:   1.177545  -1.189541  -1.246188   0.160789   0.003087  -0.034271   0.153466  -0.051082   0.004980   0.104375   0.032998   0.010918  -0.134933  -0.151638   0.050351  -0.142513   0.010016   0.028882   0.036215  -0.051673   0.008098  -0.176800   0.126983   0.048815  -0.054870  -0.051162   0.147046  -0.058248  -0.018214   0.033123   0.000000   0.000000   0.000000   0.000000   0.000000   0.000000   0.000031  -0.038888  -0.021385   0.082607   0.001241  -0.357105   0.057717   0.038275   0.341594  -0.100473  -0.040907   0.044943   0.108839  -0.162529  -1.050890   0.132200   0.171231   1.042431   0.131422  -0.401766   0.083011  -0.041140   0.441783  -0.114378  -0.329008  -0.169602  -0.177053  -0.327923   0.093813   0.159635   0.111679   0.042892  -0.416442   0.108811  -0.065986  -0.756220  -0.096393  -0.090916  -0.188459  -0.118095   0.050944  -0.529584  -0.143698   0.055242  -0.704857  -0.019183  -0.092337  -0.337914  -0.457033  -0.196284  -0.625458  -0.214652  -0.065998  -0.506894  -0.369724  -0.060345  -0.079490  -0.141870  -0.085853  -0.635528  -0.303342  -0.057881  -0.631389  -0.176121  -0.132093  -0.373355   0.850964   0.276923  -0.091548  -0.499839   0.026556   0.052881   0.535559   0.045961  -0.277358   0.111679  -0.042892   0.416442   0.108811   0.065986   0.756220  -0.096393   0.090916   0.188459  -0.118095  -0.050944   0.529584  -0.143698  -0.055242   0.704857  -0.019183   0.092337   0.337914  -0.457033   0.196284   0.625458  -0.214652   0.065998   0.506894  -0.369724   0.060345   0.079490  -0.141870   0.085853   0.635528  -0.303342   0.057881   0.631389  -0.176121   0.132093   0.373355   0.850964  -0.276923   0.091548  -0.499839  -0.026556  -0.052881   0.535559  -0.045961   0.277358
  [  3]:   1.177856  -1.189059  -1.247257   0.160844   0.003662  -0.033111   0.154289  -0.051289   0.005726   0.105022   0.033478   0.011734  -0.133935  -0.151408   0.049821  -0.142673   0.010755   0.028341   0.035536  -0.051119   0.008340  -0.176502   0.126583   0.048258  -0.053867  -0.051148   0.147808  -0.057809  -0.019451   0.033629   0.000000   0.000000   0.000000   0.000000   0.000000   0.000000   0.000256  -0.039798  -0.021537   0.084207  -0.000308  -0.356977   0.057494   0.037749   0.340300  -0.100618  -0.039928   0.044077   0.108896  -0.162049  -1.051089   0.132991   0.170675   1.042165   0.132652  -0.401963   0.083676  -0.038210   0.442844  -0.113961  -0.332692  -0.172380  -0.175962  -0.328556   0.094475   0.157959   0.111679   0.042892  -0.416442   0.108811  -0.065986  -0.756220  -0.096393  -0.090916  -0.188459  -0.118095   0.050944  -0.529584  -0.143698   0.055242  -0.704857  -0.019183  -0.092337  -0.337914  -0.457033  -0.196284  -0.625458  -0.214652  -0.065998  -0.506894  -0.369724  -0.060345  -0.079490  -0.141870  -0.085853  -0.635528  -0.303342  -0.057881  -0.631389  -0.176121  -0.132093  -0.373355   0.850964   0.276923  -0.091548  -0.499839   0.026556   0.052881   0.535559   0.045961  -0.277358   0.111679  -0.042892   0.416442   0.108811   0.065986   0.756220  -0.096393   0.090916   0.188459  -0.118095  -0.050944   0.529584  -0.143698  -0.055242   0.704857  -0.019183   0.092337   0.337914  -0.457033   0.196284   0.625458  -0.214652   0.065998   0.506894  -0.369724   0.060345   0.079490  -0.141870   0.085853   0.635528  -0.303342   0.057881   0.631389  -0.176121   0.132093   0.373355   0.850964  -0.276923   0.091548  -0.499839  -0.026556  -0.052881   0.535559  -0.045961   0.277358
  [  4]:   1.177860  -1.189136  -1.247981   0.160863   0.004030  -0.032484   0.154670  -0.051296   0.006126   0.105122   0.034140   0.011269  -0.133352  -0.151386   0.049353  -0.142779   0.010799   0.028355   0.035391  -0.050962   0.008916  -0.175855   0.126390   0.047122  -0.052017  -0.049835   0.147693  -0.057877  -0.019886   0.034418   0.000000   0.000000   0.000000   0.000000   0.000000   0.000000   0.001088  -0.040534  -0.022065   0.084618  -0.001137  -0.356679   0.058074   0.037495   0.339269  -0.100696  -0.038889   0.043288   0.108769  -0.161821  -1.051698   0.132354   0.170425   1.042626   0.133047  -0.401468   0.084232  -0.037758   0.443086  -0.114441  -0.334203  -0.172628  -0.176280  -0.330007   0.094036   0.158089   0.111679   0.042892  -0.416442   0.108811  -0.065986  -0.756220  -0.096393  -0.090916  -0.188459  -0.118095   0.050944  -0.529584  -0.143698   0.055242  -0.704857  -0.019183  -0.092337  -0.337914  -0.457033  -0.196284  -0.625458  -0.214652  -0.065998  -0.506894  -0.369724  -0.060345  -0.079490  -0.141870  -0.085853  -0.635528  -0.303342  -0.057881  -0.631389  -0.176121  -0.132093  -0.373355   0.850964   0.276923  -0.091548  -0.499839   0.026556   0.052881   0.535559   0.045961  -0.277358   0.111679  -0.042892   0.416442   0.108811   0.065986   0.756220  -0.096393   0.090916   0.188459  -0.118095  -0.050944   0.529584  -0.143698  -0.055242   0.704857  -0.019183   0.092337   0.337914  -0.457033   0.196284   0.625458  -0.214652   0.065998   0.506894  -0.369724   0.060345   0.079490  -0.141870   0.085853   0.635528  -0.303342   0.057881   0.631389  -0.176121   0.132093   0.373355   0.850964  -0.276923   0.091548  -0.499839  -0.026556  -0.052881   0.535559  -0.045961   0.277358
  [  5]:   1.177801  -1.189617  -1.248009   0.160448   0.004482  -0.032552   0.154418  -0.050892   0.006000   0.104857   0.034032   0.010589  -0.132304  -0.151541   0.048669  -0.142029   0.010586   0.028114   0.035263  -0.050925   0.009192  -0.176807   0.125884   0.048568  -0.055904  -0.051925   0.144221  -0.058005  -0.019434   0.034483   0.000000   0.000000   0.000000   0.000000   0.000000   0.000000   0.001388  -0.039817  -0.021439   0.084893  -0.001161  -0.356359   0.058968   0.037476   0.340292  -0.098957  -0.038608   0.042556   0.108369  -0.161769  -1.051487   0.131722   0.170365   1.041988   0.132811  -0.400604   0.084921  -0.037784   0.443411  -0.114573  -0.336518  -0.174237  -0.178469  -0.330748   0.094058   0.159066   0.111679   0.042892  -0.416442   0.108811  -0.065986  -0.756220  -0.096393  -0.090916  -0.188459  -0.118095   0.050944  -0.529584  -0.143698   0.055242  -0.704857  -0.019183  -0.092337  -0.337914  -0.457033  -0.196284  -0.625458  -0.214652  -0.065998  -0.506894  -0.369724  -0.060345  -0.079490  -0.141870  -0.085853  -0.635528  -0.303342  -0.057881  -0.631389  -0.176121  -0.132093  -0.373355   0.850964   0.276923  -0.091548  -0.499839   0.026556   0.052881   0.535559   0.045961  -0.277358   0.111679  -0.042892   0.416442   0.108811   0.065986   0.756220  -0.096393   0.090916   0.188459  -0.118095  -0.050944   0.529584  -0.143698  -0.055242   0.704857  -0.019183   0.092337   0.337914  -0.457033   0.196284   0.625458  -0.214652   0.065998   0.506894  -0.369724   0.060345   0.079490  -0.141870   0.085853   0.635528  -0.303342   0.057881   0.631389  -0.176121   0.132093   0.373355   0.850964  -0.276923   0.091548  -0.499839  -0.026556  -0.052881   0.535559  -0.045961   0.277358
  [  6]:   1.178961  -1.190340  -1.246837   0.158576   0.004393  -0.033087   0.152880  -0.050968   0.005846   0.102723   0.033083   0.011308  -0.131128  -0.151822   0.048377  -0.141218   0.009929   0.027574   0.035639  -0.051471   0.009038  -0.177091   0.125974   0.047389  -0.060374  -0.054168   0.138567  -0.058068  -0.018811   0.033586   0.000000   0.000000   0.000000   0.000000   0.000000   0.000000   0.002372  -0.038640  -0.021232   0.086286  -0.001897  -0.356617   0.060475   0.038464   0.341889  -0.098207  -0.038757   0.042537   0.108364  -0.161543  -1.050839   0.131167   0.170323   1.041102   0.131000  -0.400750   0.086072  -0.037839   0.444044  -0.115595  -0.338988  -0.175327  -0.180367  -0.330650   0.093676   0.160112   0.111679   0.042892  -0.416442   0.108811  -0.065986  -0.756220  -0.096393  -0.090916  -0.188459  -0.118095   0.050944  -0.529584  -0.143698   0.055242  -0.704857  -0.019183  -0.092337  -0.337914  -0.457033  -0.196284  -0.625458  -0.214652  -0.065998  -0.506894  -0.369724  -0.060345  -0.079490  -0.141870  -0.085853  -0.635528  -0.303342  -0.057881  -0.631389  -0.176121  -0.132093  -0.373355   0.850964   0.276923  -0.091548  -0.499839   0.026556   0.052881   0.535559   0.045961  -0.277358   0.111679  -0.042892   0.416442   0.108811   0.065986   0.756220  -0.096393   0.090916   0.188459  -0.118095  -0.050944   0.529584  -0.143698  -0.055242   0.704857  -0.019183   0.092337   0.337914  -0.457033   0.196284   0.625458  -0.214652   0.065998   0.506894  -0.369724   0.060345   0.079490  -0.141870   0.085853   0.635528  -0.303342   0.057881   0.631389  -0.176121   0.132093   0.373355   0.850964  -0.276923   0.091548  -0.499839  -0.026556  -0.052881   0.535559  -0.045961   0.277358
  [  7]:   1.179080  -1.190252  -1.246058   0.158537   0.004548  -0.033628   0.153545  -0.050956   0.004993   0.101459   0.032378   0.011297  -0.130640  -0.152573   0.048056  -0.141975   0.009510   0.027709   0.036389  -0.052113   0.008988  -0.177467   0.125486   0.044848  -0.060715  -0.053991   0.138616  -0.057606  -0.018172   0.033493   0.000000   0.000000   0.000000   0.000000   0.000000   0.000000   0.002623  -0.038061  -0.021298   0.086226  -0.002095  -0.356610   0.060908   0.038548   0.342326  -0.098835  -0.039026   0.042931   0.108443  -0.161670  -1.050727   0.130799   0.170263   1.040427   0.128527  -0.400314   0.085648  -0.038416   0.444452  -0.115486  -0.338993  -0.175281  -0.179499  -0.330521   0.093253   0.159955   0.111679   0.042892  -0.416442   0.108811  -0.065986  -0.756220  -0.096393  -0.090916  -0.188459  -0.118095   0.050944  -0.529584  -0.143698   0.055242  -0.704857  -0.019183  -0.092337  -0.337914  -0.457033  -0.196284  -0.625458  -0.214652  -0.065998  -0.506894  -0.369724  -0.060345  -0.079490  -0.141870  -0.085853  -0.635528  -0.303342  -0.057881  -0.631389  -0.176121  -0.132093  -0.373355   0.850964   0.276923  -0.091548  -0.499839   0.026556   0.052881   0.535559   0.045961  -0.277358   0.111679  -0.042892   0.416442   0.108811   0.065986   0.756220  -0.096393   0.090916   0.188459  -0.118095  -0.050944   0.529584  -0.143698  -0.055242   0.704857  -0.019183   0.092337   0.337914  -0.457033   0.196284   0.625458  -0.214652   0.065998   0.506894  -0.369724   0.060345   0.079490  -0.141870   0.085853   0.635528  -0.303342   0.057881   0.631389  -0.176121   0.132093   0.373355   0.850964  -0.276923   0.091548  -0.499839  -0.026556  -0.052881   0.535559  -0.045961   0.277358
  [  8]:   1.178247  -1.190265  -1.246621   0.159563   0.005099  -0.033944   0.155009  -0.051219   0.004167   0.101539   0.032680   0.010645  -0.129845  -0.151721   0.047557  -0.142806   0.010425   0.028588   0.036843  -0.052316   0.009292  -0.179255   0.126093   0.046359  -0.057570  -0.052065   0.141865  -0.057447  -0.017663   0.033759   0.000000   0.000000   0.000000   0.000000   0.000000   0.000000   0.003185  -0.039327  -0.021097   0.085728  -0.001769  -0.355608   0.060656   0.037943   0.341425  -0.099333  -0.039645   0.042807   0.109170  -0.161688  -1.050707   0.130276   0.170228   1.040810   0.131651  -0.400295   0.084809  -0.038181   0.443522  -0.115130  -0.336000  -0.174669  -0.180110  -0.329697   0.092912   0.159878   0.111679   0.042892  -0.416442   0.108811  -0.065986  -0.756220  -0.096393  -0.090916  -0.188459  -0.118095   0.050944  -0.529584  -0.143698   0.055242  -0.704857  -0.019183  -0.092337  -0.337914  -0.457033  -0.196284  -0.625458  -0.214652  -0.065998  -0.506894  -0.369724  -0.060345  -0.079490  -0.141870  -0.085853  -0.635528  -0.303342  -0.057881  -0.631389  -0.176121  -0.132093  -0.373355   0.850964   0.276923  -0.091548  -0.499839   0.026556   0.052881   0.535559   0.045961  -0.277358   0.111679  -0.042892   0.416442   0.108811   0.065986   0.756220  -0.096393   0.090916   0.188459  -0.118095  -0.050944   0.529584  -0.143698  -0.055242   0.704857  -0.019183   0.092337   0.337914  -0.457033   0.196284   0.625458  -0.214652   0.065998   0.506894  -0.369724   0.060345   0.079490  -0.141870   0.085853   0.635528  -0.303342   0.057881   0.631389  -0.176121   0.132093   0.373355   0.850964  -0.276923   0.091548  -0.499839  -0.026556  -0.052881   0.535559  -0.045961   0.277358
  [  9]:   1.177691  -1.190764  -1.247753   0.160208   0.006121  -0.033816   0.156310  -0.051577   0.003531   0.102029   0.033295   0.010313  -0.128883  -0.150977   0.047037  -0.143590   0.011758   0.029451   0.036944  -0.052130   0.009499  -0.180586   0.126659   0.048309  -0.055803  -0.050070   0.144546  -0.057835  -0.017599   0.034161   0.000000   0.000000   0.000000   0.000000   0.000000   0.000000   0.003569  -0.040506  -0.020335   0.084787  -0.000810  -0.354590   0.059678   0.036423   0.339819  -0.099612  -0.039902   0.042641   0.110394  -0.161211  -1.050666   0.129925   0.169331   1.041724   0.138178  -0.400945   0.084179  -0.036381   0.443414  -0.114429  -0.328291  -0.172385  -0.181059  -0.327455   0.092604   0.160154   0.111679   0.042892  -0.416442   0.108811  -0.065986  -0.756220  -0.096393  -0.090916  -0.188459  -0.118095   0.050944  -0.529584  -0.143698   0.055242  -0.704857  -0.019183  -0.092337  -0.337914  -0.457033  -0.196284  -0.625458  -0.214652  -0.065998  -0.506894  -0.369724  -0.060345  -0.079490  -0.141870  -0.085853  -0.635528  -0.303342  -0.057881  -0.631389  -0.176121  -0.132093  -0.373355   0.850964   0.276923  -0.091548  -0.499839   0.026556   0.052881   0.535559   0.045961  -0.277358   0.111679  -0.042892   0.416442   0.108811   0.065986   0.756220  -0.096393   0.090916   0.188459  -0.118095  -0.050944   0.529584  -0.143698  -0.055242   0.704857  -0.019183   0.092337   0.337914  -0.457033   0.196284   0.625458  -0.214652   0.065998   0.506894  -0.369724   0.060345   0.079490  -0.141870   0.085853   0.635528  -0.303342   0.057881   0.631389  -0.176121   0.132093   0.373355   0.850964  -0.276923   0.091548  -0.499839  -0.026556  -0.052881   0.535559  -0.045961   0.277358
  [ 10]:   1.177289  -1.192144  -1.248433   0.159452   0.006767  -0.034241   0.156037  -0.051952   0.002198   0.102533   0.033918   0.010621  -0.127252  -0.150918   0.046308  -0.143043   0.012356   0.030181   0.036310  -0.051542   0.009139  -0.181413   0.126785   0.049665  -0.056673  -0.048623   0.146198  -0.058464  -0.017831   0.033972   0.000000   0.000000   0.000000   0.000000   0.000000   0.000000   0.003733  -0.041064  -0.019540   0.083949   0.000262  -0.353789   0.059283   0.035336   0.339009  -0.099680  -0.040252   0.042998   0.111119  -0.160539  -1.050959   0.129526   0.168154   1.042683   0.141862  -0.401590   0.083930  -0.035919   0.444031  -0.114352  -0.322610  -0.169973  -0.181083  -0.326681   0.092571   0.160194   0.111679   0.042892  -0.416442   0.108811  -0.065986  -0.756220  -0.096393  -0.090916  -0.188459  -0.118095   0.050944  -0.529584  -0.143698   0.055242  -0.704857  -0.019183  -0.092337  -0.337914  -0.457033  -0.196284  -0.625458  -0.214652  -0.065998  -0.506894  -0.369724  -0.060345  -0.079490  -0.141870  -0.085853  -0.635528  -0.303342  -0.057881  -0.631389  -0.176121  -0.132093  -0.373355   0.850964   0.276923  -0.091548  -0.499839   0.026556   0.052881   0.535559   0.045961  -0.277358   0.111679  -0.042892   0.416442   0.108811   0.065986   0.756220  -0.096393   0.090916   0.188459  -0.118095  -0.050944   0.529584  -0.143698  -0.055242   0.704857  -0.019183   0.092337   0.337914  -0.457033   0.196284   0.625458  -0.214652   0.065998   0.506894  -0.369724   0.060345   0.079490  -0.141870   0.085853   0.635528  -0.303342   0.057881   0.631389  -0.176121   0.132093   0.373355   0.850964  -0.276923   0.091548  -0.499839  -0.026556  -0.052881   0.535559  -0.045961   0.277358
  [ 11]:   1.177386  -1.193827  -1.248227   0.157369   0.005900  -0.035061   0.154687  -0.051715   0.000978   0.102159   0.034448   0.010730  -0.124900  -0.150089   0.045574  -0.142906   0.012729   0.030462   0.035626  -0.051305   0.008799  -0.182910   0.127130   0.052146  -0.055592  -0.048163   0.147905  -0.058606  -0.017776   0.033595   0.000000   0.000000   0.000000   0.000000   0.000000   0.000000   0.003667  -0.041285  -0.019403   0.083645   0.000467  -0.352977   0.060060   0.035627   0.338971  -0.100220  -0.040446   0.043563   0.111590  -0.160317  -1.051068   0.129094   0.167657   1.043428   0.143583  -0.402307   0.084085  -0.037008   0.444721  -0.115219  -0.319998  -0.167689  -0.181648  -0.327230   0.092013   0.160597   0.111679   0.042892  -0.416442   0.108811  -0.065986  -0.756220  -0.096393  -0.090916  -0.188459  -0.118095   0.050944  -0.529584  -0.143698   0.055242  -0.704857  -0.019183  -0.092337  -0.337914  -0.457033  -0.196284  -0.625458  -0.214652  -0.065998  -0.506894  -0.369724  -0.060345  -0.079490  -0.141870  -0.085853  -0.635528  -0.303342  -0.057881  -0.631389  -0.176121  -0.132093  -0.373355   0.850964   0.276923  -0.091548  -0.499839   0.026556   0.052881   0.535559   0.045961  -0.277358   0.111679  -0.042892   0.416442   0.108811   0.065986   0.756220  -0.096393   0.090916   0.188459  -0.118095  -0.050944   0.529584  -0.143698  -0.055242   0.704857  -0.019183   0.092337   0.337914  -0.457033   0.196284   0.625458  -0.214652   0.065998   0.506894  -0.369724   0.060345   0.079490  -0.141870   0.085853   0.635528  -0.303342   0.057881   0.631389  -0.176121   0.132093   0.373355   0.850964  -0.276923   0.091548  -0.499839  -0.026556  -0.052881   0.535559  -0.045961   0.277358
  [ 12]:   1.177611  -1.195188  -1.247822   0.155624   0.004945  -0.035447   0.153153  -0.051590   0.000457   0.101036   0.034695   0.010363  -0.122978  -0.149488   0.044554  -0.142214   0.012619   0.030006   0.035503  -0.051450   0.008670  -0.184772   0.126934   0.053877  -0.054882  -0.047922   0.149026  -0.058313  -0.017410   0.033471   0.000000   0.000000   0.000000   0.000000   0.000000   0.000000   0.003310  -0.040829  -0.019422   0.083597   0.000750  -0.352801   0.060850   0.035721   0.339814  -0.100502  -0.040664   0.043936   0.111401  -0.160322  -1.050787   0.128387   0.168044   1.043621   0.143373  -0.402439   0.084087  -0.038110   0.444419  -0.116245  -0.318243  -0.166605  -0.181536  -0.327021   0.091823   0.160870   0.111679   0.042892  -0.416442   0.108811  -0.065986  -0.756220  -0.096393  -0.090916  -0.188459  -0.118095   0.050944  -0.529584  -0.143698   0.055242  -0.704857  -0.019183  -0.092337  -0.337914  -0.457033  -0.196284  -0.625458  -0.214652  -0.065998  -0.506894  -0.369724  -0.060345  -0.079490  -0.141870  -0.085853  -0.635528  -0.303342  -0.057881  -0.631389  -0.176121  -0.132093  -0.373355   0.850964   0.276923  -0.091548  -0.499839   0.026556   0.052881   0.535559   0.045961  -0.277358   0.111679  -0.042892   0.416442   0.108811   0.065986   0.756220  -0.096393   0.090916   0.188459  -0.118095  -0.050944   0.529584  -0.143698  -0.055242   0.704857  -0.019183   0.092337   0.337914  -0.457033   0.196284   0.625458  -0.214652   0.065998   0.506894  -0.369724   0.060345   0.079490  -0.141870   0.085853   0.635528  -0.303342   0.057881   0.631389  -0.176121   0.132093   0.373355   0.850964  -0.276923   0.091548  -0.499839  -0.026556  -0.052881   0.535559  -0.045961   0.277358
  [ 13]:   1.178117  -1.196663  -1.246953   0.153699   0.004409  -0.036183   0.151761  -0.051563  -0.000073   0.099162   0.034873   0.009548  -0.120975  -0.149079   0.044049  -0.141701   0.012755   0.029692   0.036052  -0.051819   0.008683  -0.185873   0.127053   0.052917  -0.055221  -0.047413   0.150172  -0.059270  -0.017223   0.033647   0.000000   0.000000   0.000000   0.000000   0.000000   0.000000   0.004776  -0.039900  -0.019639   0.084031   0.000334  -0.353645   0.062512   0.035842   0.341597  -0.100527  -0.040959   0.045134   0.110752  -0.160370  -1.050291   0.127823   0.168569   1.042578   0.139132  -0.400609   0.083629  -0.038875   0.443446  -0.117510  -0.317989  -0.166443  -0.180564  -0.325893   0.091507   0.161712   0.111679   0.042892  -0.416442   0.108811  -0.065986  -0.756220  -0.096393  -0.090916  -0.188459  -0.118095   0.050944  -0.529584  -0.143698   0.055242  -0.704857  -0.019183  -0.092337  -0.337914  -0.457033  -0.196284  -0.625458  -0.214652  -0.065998  -0.506894  -0.369724  -0.060345  -0.079490  -0.141870  -0.085853  -0.635528  -0.303342  -0.057881  -0.631389  -0.176121  -0.132093  -0.373355   0.850964   0.276923  -0.091548  -0.499839   0.026556   0.052881   0.535559   0.045961  -0.277358   0.111679  -0.042892   0.416442   0.108811   0.065986   0.756220  -0.096393   0.090916   0.188459  -0.118095  -0.050944   0.529584  -0.143698  -0.055242   0.704857  -0.019183   0.092337   0.337914  -0.457033   0.196284   0.625458  -0.214652   0.065998   0.506894  -0.369724   0.060345   0.079490  -0.141870   0.085853   0.635528  -0.303342   0.057881   0.631389  -0.176121   0.132093   0.373355   0.850964  -0.276923   0.091548  -0.499839  -0.026556  -0.052881   0.535559  -0.045961   0.277358
  [ 14]:   1.178317  -1.197210  -1.247184   0.153653   0.004211  -0.036306   0.152444  -0.051686  -0.000519   0.097419   0.034997   0.010468  -0.119878  -0.149314   0.043579  -0.142272   0.012799   0.029974   0.037037  -0.052018   0.008635  -0.186375   0.127699   0.051505  -0.058294  -0.048149   0.151054  -0.059174  -0.017642   0.033196   0.000000   0.000000   0.000000   0.000000   0.000000   0.000000   0.004902  -0.039070  -0.020259   0.085375  -0.000718  -0.354308   0.063501   0.036655   0.342684  -0.100650  -0.040980   0.045175   0.109666  -0.160025  -1.050280   0.127526   0.168701   1.040983   0.136014  -0.400167   0.084419  -0.038889   0.443761  -0.118195  -0.319627  -0.166705  -0.180034  -0.324670   0.091546   0.162162   0.111679   0.042892  -0.416442   0.108811  -0.065986  -0.756220  -0.096393  -0.090916  -0.188459  -0.118095   0.050944  -0.529584  -0.143698   0.055242  -0.704857  -0.019183  -0.092337  -0.337914  -0.457033  -0.196284  -0.625458  -0.214652  -0.065998  -0.506894  -0.369724  -0.060345  -0.079490  -0.141870  -0.085853  -0.635528  -0.303342  -0.057881  -0.631389  -0.176121  -0.132093  -0.373355   0.850964   0.276923  -0.091548  -0.499839   0.026556   0.052881   0.535559   0.045961  -0.277358   0.111679  -0.042892   0.416442   0.108811   0.065986   0.756220  -0.096393   0.090916   0.188459  -0.118095  -0.050944   0.529584  -0.143698  -0.055242   0.704857  -0.019183   0.092337   0.337914  -0.457033   0.196284   0.625458  -0.214652   0.065998   0.506894  -0.369724   0.060345   0.079490  -0.141870   0.085853   0.635528  -0.303342   0.057881   0.631389  -0.176121   0.132093   0.373355   0.850964  -0.276923   0.091548  -0.499839  -0.026556  -0.052881   0.535559  -0.045961   0.277358
  [ 15]:   1.177945  -1.197216  -1.248817   0.153585   0.003618  -0.035501   0.153908  -0.052156  -0.000726   0.097597   0.035885   0.011730  -0.116856  -0.148659   0.042283  -0.142226   0.013123   0.030525   0.037244  -0.051760   0.008760  -0.188311   0.128168   0.051364  -0.061148  -0.048499   0.151389  -0.058159  -0.018262   0.033042   0.000000   0.000000   0.000000   0.000000   0.000000   0.000000   0.002564  -0.039166  -0.020583   0.086214  -0.001293  -0.354765   0.063442   0.036942   0.342458  -0.099980  -0.041115   0.044024   0.109300  -0.159842  -1.050752   0.127180   0.168896   1.040168   0.136262  -0.401361   0.086123  -0.039181   0.444509  -0.117997  -0.321554  -0.167374  -0.180097  -0.325463   0.091783   0.162347   0.111679   0.042892  -0.416442   0.108811  -0.065986  -0.756220  -0.096393  -0.090916  -0.188459  -0.118095   0.050944  -0.529584  -0.143698   0.055242  -0.704857  -0.019183  -0.092337  -0.337914  -0.457033  -0.196284  -0.625458  -0.214652  -0.065998  -0.506894  -0.369724  -0.060345  -0.079490  -0.141870  -0.085853  -0.635528  -0.303342  -0.057881  -0.631389  -0.176121  -0.132093  -0.373355   0.850964   0.276923  -0.091548  -0.499839   0.026556   0.052881   0.535559   0.045961  -0.277358   0.111679  -0.042892   0.416442   0.108811   0.065986   0.756220  -0.096393   0.090916   0.188459  -0.118095  -0.050944   0.529584  -0.143698  -0.055242   0.704857  -0.019183   0.092337   0.337914  -0.457033   0.196284   0.625458  -0.214652   0.065998   0.506894  -0.369724   0.060345   0.079490  -0.141870   0.085853   0.635528  -0.303342   0.057881   0.631389  -0.176121   0.132093   0.373355   0.850964  -0.276923   0.091548  -0.499839  -0.026556  -0.052881   0.535559  -0.045961   0.277358
  [ 16]:   1.178050  -1.197239  -1.249660   0.152256   0.002459  -0.034630   0.154791  -0.051884  -0.001055   0.098347   0.036841   0.012294  -0.112924  -0.147729   0.040516  -0.142136   0.014248   0.031514   0.036632  -0.051733   0.008757  -0.190386   0.129232   0.052453  -0.060589  -0.047779   0.152323  -0.058038  -0.019374   0.033102   0.000000   0.000000   0.000000   0.000000   0.000000   0.000000   0.001854  -0.040202  -0.020098   0.087305  -0.001708  -0.354263   0.063465   0.036002   0.341677  -0.099184  -0.040690   0.043855   0.109102  -0.159755  -1.051291   0.128205   0.168944   1.039943   0.137296  -0.402347   0.087410  -0.036661   0.446204  -0.117621  -0.323687  -0.167729  -0.180695  -0.326001   0.091948   0.162832   0.111679   0.042892  -0.416442   0.108811  -0.065986  -0.756220  -0.096393  -0.090916  -0.188459  -0.118095   0.050944  -0.529584  -0.143698   0.055242  -0.704857  -0.019183  -0.092337  -0.337914  -0.457033  -0.196284  -0.625458  -0.214652  -0.065998  -0.506894  -0.369724  -0.060345  -0.079490  -0.141870  -0.085853  -0.635528  -0.303342  -0.057881  -0.631389  -0.176121  -0.132093  -0.373355   0.850964   0.276923  -0.091548  -0.499839   0.026556   0.052881   0.535559   0.045961  -0.277358   0.111679  -0.042892   0.416442   0.108811   0.065986   0.756220  -0.096393   0.090916   0.188459  -0.118095  -0.050944   0.529584  -0.143698  -0.055242   0.704857  -0.019183   0.092337   0.337914  -0.457033   0.196284   0.625458  -0.214652   0.065998   0.506894  -0.369724   0.060345   0.079490  -0.141870   0.085853   0.635528  -0.303342   0.057881   0.631389  -0.176121   0.132093   0.373355   0.850964  -0.276923   0.091548  -0.499839  -0.026556  -0.052881   0.535559  -0.045961   0.277358
  [ 17]:   1.177241  -1.197609  -1.250647   0.153286   0.002081  -0.034741   0.155627  -0.051288  -0.001929   0.099031   0.036780   0.012154  -0.112507  -0.147787   0.039808  -0.141127   0.015278   0.032342   0.036746  -0.051621   0.008765  -0.192139   0.131013   0.055497  -0.061828  -0.046698   0.153057  -0.058457  -0.019668   0.033354   0.000000   0.000000   0.000000   0.000000   0.000000   0.000000   0.000592  -0.039572  -0.018768   0.086266  -0.000287  -0.354200   0.064136   0.035459   0.343080  -0.097873  -0.040315   0.043440   0.109730  -0.159277  -1.050855   0.128922   0.169692   1.037871   0.138610  -0.401449   0.086397  -0.035190   0.446691  -0.117566  -0.322702  -0.168233  -0.181544  -0.324097   0.091942   0.162040   0.111679   0.042892  -0.416442   0.108811  -0.065986  -0.756220  -0.096393  -0.090916  -0.188459  -0.118095   0.050944  -0.529584  -0.143698   0.055242  -0.704857  -0.019183  -0.092337  -0.337914  -0.457033  -0.196284  -0.625458  -0.214652  -0.065998  -0.506894  -0.369724  -0.060345  -0.079490  -0.141870  -0.085853  -0.635528  -0.303342  -0.057881  -0.631389  -0.176121  -0.132093  -0.373355   0.850964   0.276923  -0.091548  -0.499839   0.026556   0.052881   0.535559   0.045961  -0.277358   0.111679  -0.042892   0.416442   0.108811   0.065986   0.756220  -0.096393   0.090916   0.188459  -0.118095  -0.050944   0.529584  -0.143698  -0.055242   0.704857  -0.019183   0.092337   0.337914  -0.457033   0.196284   0.625458  -0.214652   0.065998   0.506894  -0.369724   0.060345   0.079490  -0.141870   0.085853   0.635528  -0.303342   0.057881   0.631389  -0.176121   0.132093   0.373355   0.850964  -0.276923   0.091548  -0.499839  -0.026556  -0.052881   0.535559  -0.045961   0.277358
  [ 18]:   1.176640  -1.198293  -1.250481   0.154292   0.001985  -0.035755   0.155912  -0.051083  -0.003172   0.099117   0.036410   0.011159  -0.112987  -0.148418   0.039596  -0.140701   0.015222   0.032485   0.036404  -0.051421   0.008940  -0.194761   0.131851   0.057361  -0.062665  -0.046582   0.153526  -0.058434  -0.019620   0.034057   0.000000   0.000000   0.000000   0.000000   0.000000   0.000000  -0.000741  -0.038514  -0.017880   0.085046   0.001681  -0.354798   0.065619   0.035983   0.344080  -0.097128  -0.040383   0.042830   0.110182  -0.158758  -1.050430   0.129294   0.170370   1.035601   0.139250  -0.400622   0.084989  -0.036188   0.447075  -0.117099  -0.321534  -0.168661  -0.182266  -0.323677   0.092784   0.161103   0.111679   0.042892  -0.416442   0.108811  -0.065986  -0.756220  -0.096393  -0.090916  -0.188459  -0.118095   0.050944  -0.529584  -0.143698   0.055242  -0.704857  -0.019183  -0.092337  -0.337914  -0.457033  -0.196284  -0.625458  -0.214652  -0.065998  -0.506894  -0.369724  -0.060345  -0.079490  -0.141870  -0.085853  -0.635528  -0.303342  -0.057881  -0.631389  -0.176121  -0.132093  -0.373355   0.850964   0.276923  -0.091548  -0.499839   0.026556   0.052881   0.535559   0.045961  -0.277358   0.111679  -0.042892   0.416442   0.108811   0.065986   0.756220  -0.096393   0.090916   0.188459  -0.118095  -0.050944   0.529584  -0.143698  -0.055242   0.704857  -0.019183   0.092337   0.337914  -0.457033   0.196284   0.625458  -0.214652   0.065998   0.506894  -0.369724   0.060345   0.079490  -0.141870   0.085853   0.635528  -0.303342   0.057881   0.631389  -0.176121   0.132093   0.373355   0.850964  -0.276923   0.091548  -0.499839  -0.026556  -0.052881   0.535559  -0.045961   0.277358
  [ 19]:   1.175970  -1.199588  -1.249995   0.154227   0.002462  -0.037529   0.154881  -0.050792  -0.004690   0.099104   0.036326   0.010518  -0.111996  -0.149063   0.039494  -0.139079   0.015611   0.032325   0.035165  -0.050571   0.008639  -0.197469   0.132354   0.058471  -0.063452  -0.046590   0.153519  -0.057830  -0.019734   0.034296   0.000000   0.000000   0.000000   0.000000   0.000000   0.000000  -0.001512  -0.037624  -0.017812   0.084307   0.002183  -0.355667   0.066245   0.036436   0.344468  -0.097189  -0.040422   0.042519   0.110542  -0.158324  -1.050143   0.129455   0.170821   1.034334   0.138851  -0.399706   0.084553  -0.037609   0.446829  -0.115613  -0.320877  -0.168447  -0.181574  -0.323754   0.092896   0.159873   0.111679   0.042892  -0.416442   0.108811  -0.065986  -0.756220  -0.096393  -0.090916  -0.188459  -0.118095   0.050944  -0.529584  -0.143698   0.055242  -0.704857  -0.019183  -0.092337  -0.337914  -0.457033  -0.196284  -0.625458  -0.214652  -0.065998  -0.506894  -0.369724  -0.060345  -0.079490  -0.141870  -0.085853  -0.635528  -0.303342  -0.057881  -0.631389  -0.176121  -0.132093  -0.373355   0.850964   0.276923  -0.091548  -0.499839   0.026556   0.052881   0.535559   0.045961  -0.277358   0.111679  -0.042892   0.416442   0.108811   0.065986   0.756220  -0.096393   0.090916   0.188459  -0.118095  -0.050944   0.529584  -0.143698  -0.055242   0.704857  -0.019183   0.092337   0.337914  -0.457033   0.196284   0.625458  -0.214652   0.065998   0.506894  -0.369724   0.060345   0.079490  -0.141870   0.085853   0.635528  -0.303342   0.057881   0.631389  -0.176121   0.132093   0.373355   0.850964  -0.276923   0.091548  -0.499839  -0.026556  -0.052881   0.535559  -0.045961   0.277358
  ... (552 more rows)

================================================================================
POSES STRUCTURE
================================================================================
Shape: (num_frames, 156)
  156 = 52 joints × 3 axis-angle values per joint
  Each joint has 3 values: [axis_x, axis_y, axis_z] where magnitude = rotation angle

Frame 0 pose parameters (first 10 joints):
Joint                Axis-Angle [X, Y, Z]                               Angle (rad)  Angle (deg) 
----------------------------------------------------------------------------------------------------
Pelvis               [  1.1779,  -1.1894,  -1.2451] 2.0862       119.53      
L_Hip                [  0.1604,   0.0028,  -0.0349] 0.1642       9.41        
R_Hip                [  0.1524,  -0.0515,   0.0055] 0.1610       9.22        
Spine1               [  0.1017,   0.0335,   0.0091] 0.1075       6.16        
L_Knee               [ -0.1366,  -0.1512,   0.0518] 0.2102       12.05       
R_Knee               [ -0.1428,   0.0090,   0.0283] 0.1459       8.36        
Spine2               [  0.0411,  -0.0521,   0.0090] 0.0670       3.84        
L_Ankle              [ -0.1725,   0.1269,   0.0465] 0.2191       12.56       
R_Ankle              [ -0.0534,  -0.0510,   0.1478] 0.1652       9.47        
Spine3               [ -0.0608,  -0.0183,   0.0336] 0.0719       4.12        

Frame 0 vs Frame 10 comparison (first 5 joints):
Joint                Frame 0 angle (deg)  Frame 10 angle (deg) Change              
--------------------------------------------------------------------------------
Pelvis               119.53               119.72               0.18                
L_Hip                9.41                 9.35                 -0.06               
R_Hip                9.22                 9.42                 0.20                
Spine1               6.16                 6.22                 0.06                
L_Knee               12.05                11.62                -0.43               

================================================================================
trans - Root Translation
================================================================================
Shape: (572, 3)
Dtype: float64
Size: 1,716 elements
Memory: 13.41 KB

Statistics:
  Min: -1.739709
  Max: 2.043416
  Mean: 0.633349
  Std:  1.024698

First 20 rows:
  [  0]:   2.043416   0.814997   0.952296
  [  1]:   2.043185   0.814793   0.952301
  [  2]:   2.042935   0.814476   0.952249
  [  3]:   2.042574   0.814192   0.952162
  [  4]:   2.042223   0.814049   0.952109
  [  5]:   2.041994   0.813968   0.952088
  [  6]:   2.041854   0.813727   0.952135
  [  7]:   2.041556   0.813438   0.952193
  [  8]:   2.041067   0.813220   0.952138
  [  9]:   2.040531   0.812952   0.952050
  [ 10]:   2.040092   0.812558   0.951974
  [ 11]:   2.039847   0.812266   0.951958
  [ 12]:   2.039607   0.812154   0.952026
  [ 13]:   2.039265   0.812037   0.952235
  [ 14]:   2.038698   0.811726   0.952298
  [ 15]:   2.038086   0.811334   0.952187
  [ 16]:   2.037566   0.811036   0.952075
  [ 17]:   2.037028   0.810759   0.952144
  [ 18]:   2.036528   0.810490   0.952242
  [ 19]:   2.036126   0.810179   0.952345
  ... (552 more rows)

================================================================================
ROOT TRANSLATION STRUCTURE
================================================================================
Shape: (num_frames, 3)
  Each frame: [X, Y, Z] position of pelvis (root bone) in meters

First 10 frames root translation:
Frame    X (m)        Y (m)        Z (m)        Distance from origin
--------------------------------------------------------------------------------
0        2.043416     0.814997     0.952296     2.397215            
1        2.043185     0.814793     0.952301     2.396950            
2        2.042935     0.814476     0.952249     2.396608            
3        2.042574     0.814192     0.952162     2.396170            
4        2.042223     0.814049     0.952109     2.395801            
5        2.041994     0.813968     0.952088     2.395570            
6        2.041854     0.813727     0.952135     2.395388            
7        2.041556     0.813438     0.952193     2.395058            
8        2.041067     0.813220     0.952138     2.394545            
9        2.040531     0.812952     0.952050     2.393963            

Root translation statistics:
  Total distance traveled: 4.318574 m
  Range X: [-1.739709, 2.043416] m
  Range Y: [0.784863, 1.399984] m
  Range Z: [0.838434, 1.140047] m

================================================================================
MOCAP FRAMERATE
================================================================================
Value: 120.0 fps
Number of frames: 572
Duration: 4.77 seconds (0.08 minutes)

================================================================================
OTHER KEYS
================================================================================

================================================================================
gender
================================================================================
Shape: ()
Dtype: <U6
Size: 1 elements
Memory: 0.02 KB

================================================================================
betas
================================================================================
Shape: (16,)
Dtype: float64
Size: 16 elements
Memory: 0.12 KB

Statistics:
  Min: -1.983783
  Max: 2.814514
  Mean: -0.524094
  Std:  1.386006

First 16 values:
  [  0]:     0.698188
  [  1]:    -0.646377
  [  2]:     1.267144
  [  3]:    -1.821655
  [  4]:     0.458735
  [  5]:    -1.667758
  [  6]:    -1.776313
  [  7]:     1.144758
  [  8]:    -0.638711
  [  9]:    -1.983783
  [ 10]:    -1.779539
  [ 11]:    -1.727108
  [ 12]:    -1.626265
  [ 13]:    -0.252071
  [ 14]:     2.814514
  [ 15]:    -0.849269

================================================================================
dmpls
================================================================================
Shape: (572, 8)
Dtype: float64
Size: 4,576 elements
Memory: 35.75 KB

Statistics:
  Min: -9.144512
  Max: 8.441646
  Mean: -0.238001
  Std:  2.392562

First 20 rows:
  [  0]:   0.226690   0.888293  -0.528704  -1.320265   0.904964   0.033563   0.949706   0.608184
  [  1]:   0.226690   0.888293  -0.528704  -1.320265   0.904964   0.033563   0.949706   0.608184
  [  2]:   0.226690   0.888293  -0.528704  -1.320265   0.904964   0.033563   0.949706   0.608184
  [  3]:   0.228603   0.898959  -0.528381  -1.326672   0.906594   0.032422   0.957706   0.618706
  [  4]:   0.227145   0.903681  -0.529800  -1.324820   0.912159   0.023694   0.966138   0.633031
  [  5]:   0.222635   0.908255  -0.532651  -1.324179   0.916142   0.017695   0.973021   0.637865
  [  6]:   0.222012   0.910982  -0.536893  -1.326709   0.916262   0.019894   0.983002   0.644333
  [  7]:   0.224397   0.913933  -0.536245  -1.330365   0.914098   0.024331   0.996124   0.652868
  [  8]:   0.224464   0.913985  -0.536171  -1.330371   0.914002   0.024215   0.996462   0.653163
  [  9]:   0.224465   0.913983  -0.536171  -1.330372   0.914001   0.024212   0.996464   0.653165
  [ 10]:   0.224465   0.913983  -0.536171  -1.330372   0.914001   0.024212   0.996464   0.653165
  [ 11]:   0.224465   0.913983  -0.536171  -1.330372   0.914001   0.024212   0.996464   0.653165
  [ 12]:   0.224917   0.913427  -0.537626  -1.330356   0.913433   0.023611   0.996957   0.653637
  [ 13]:   0.233383   0.905659  -0.556915  -1.339278   0.905662   0.014839   1.011563   0.659835
  [ 14]:   0.234449   0.897914  -0.578808  -1.352220   0.898876   0.011638   1.021276   0.660604
  [ 15]:   0.234449   0.897914  -0.578808  -1.352220   0.898876   0.011638   1.021276   0.660604
  [ 16]:   0.239118   0.893456  -0.579892  -1.353694   0.898459   0.008547   1.020449   0.662843
  [ 17]:   0.255551   0.866136  -0.583257  -1.352688   0.897350  -0.001448   1.017127   0.673722
  [ 18]:   0.264359   0.851826  -0.586091  -1.354564   0.890013  -0.006854   1.009957   0.685226
  [ 19]:   0.269628   0.839664  -0.591853  -1.361642   0.873853  -0.013290   1.004147   0.691422
  ... (552 more rows)